1233.789	
1233.464	
1233.139	
1232.814	
1232.489	
1232.164	
1231.840	
1231.515	
1231.190	
1230.865	
1230.540	
1230.215	
1229.890	
1229.565	
1229.240	
1228.916	
1228.591	
1228.266	
1227.941	
1227.616	
1227.291	
1226.966	
1226.641	
1226.317	
1225.992	
1225.667	
1225.342	
1225.017	
1224.692	
1224.367	
1224.042	
1223.717	
1223.393	
1223.068	
1222.743	
1222.418	
1222.093	
1221.768	
1221.443	
1221.118	
1220.794	
1220.469	
1220.144	
1219.819	
1219.494	
1219.169	
1218.844	
1218.519	
1218.194	
1217.870	
1217.545	
1217.220	
1216.895	
1216.570	
1216.245	
1215.920	
1215.595	
1215.271	
1214.946	
1214.621	
1214.296	
1213.971	
1213.646	
1213.321	
1212.996	
1212.671	
1212.347	
1212.022	
1211.697	
1211.372	
1211.047	
1210.722	
1210.397	
1210.072	
1209.747	
1209.423	
1209.098	
1208.773	
1208.448	
1208.123	
1207.798	
1207.473	
1207.148	
1206.824	
1206.499	
1206.174	
1205.849	
1205.524	
1205.199	
1204.874	
1204.549	
1204.224	
1203.900	
1203.575	
1203.250	
1202.925	
1202.600	
1202.275	
1201.950	
1201.625	
1201.301	
1200.976	
1200.651	
1200.326	
1200.001	
1199.676	
1199.351	
1199.026	
1198.701	
1198.377	
1198.052	
1197.727	
1197.402	
1197.077	
1196.752	
1196.427	
1196.102	
1195.778	
1195.453	
1195.128	
1194.803	
1194.478	
1194.153	
1193.828	
1193.503	
1193.178	
1192.854	
1192.529	
1192.204	
1191.879	
1191.554	
1191.229	
1190.904	
1190.579	
1190.255	
1189.930	
1189.605	
1189.280	
1188.955	
1188.630	
1188.305	
1187.980	
1187.655	
1187.331	
1187.006	
1186.681	
1186.356	
1186.031	
1185.706	
1185.381	
1185.056	
1184.732	
1184.407	
1184.082	
1183.757	
1183.432	
1183.107	
1182.782	
1182.457	
1182.132	
1181.808	
1181.483	
1181.158	
1180.833	
1180.508	
1180.183	
1179.858	
1179.533	
1179.209	
1178.884	
1178.559	
1178.234	
1177.909	
1177.584	
1177.259	
1176.934	
1176.609	
1176.285	
1175.960	
1175.635	
1175.310	
1174.985	
1174.660	
1174.335	
1174.010	
1173.686	
1173.361	
1173.036	
1172.711	
1172.386	
1172.061	
1171.736	
1171.411	
1171.086	
1170.762	
1170.437	
1170.112	
1169.787	
1169.462	
1169.137	
1168.812	
1168.487	
1168.163	
1167.838	
1167.513	
1167.188	
1166.863	
1166.538	
1166.213	
1165.888	
1165.563	
1165.239	
1164.914	
1164.589	
1164.264	
1163.939	
1163.614	
1163.289	
1162.964	
1162.640	
1162.315	
1161.990	
1161.665	
1161.340	
1161.015	
1160.690	
1160.365	
1160.040	
1159.716	
1159.391	
1159.066	
1158.741	
1158.416	
1158.091	
1157.766	
1157.441	
1157.117	
1156.792	
1156.467	
1156.142	
1155.817	
1155.492	
1155.167	
1154.842	
1154.517	
1154.193	
1153.868	
1153.543	
1153.218	
1152.893	
1152.568	
1152.243	
1151.918	
1151.594	
1151.269	
1150.944	
1150.619	
1150.294	
1149.969	
1149.644	
1149.319	
1148.994	
1148.670	
1148.345	
1148.020	
1147.695	
1147.370	
1147.045	
1146.720	
1146.395	
1146.071	
1145.746	
1145.421	
1145.096	
1144.771	
1144.446	
1144.121	
1143.796	
1143.471	
1143.147	
1142.822	
1142.497	
1142.172	
1141.847	
1141.522	
1141.197	
1140.872	
1140.548	
1140.223	
1139.898	
1139.573	
1139.248	
1138.923	
1138.598	
1138.273	
1137.948	
1137.624	
1137.299	
1136.974	
1136.649	
1136.324	
1135.999	
1135.674	
1135.349	
1135.025	
1134.700	
1134.375	
1134.050	
1133.725	
1133.400	
1133.075	
1132.750	
1132.425	
1132.101	
1131.776	
1131.451	
1131.126	
1130.801	
1130.476	
1130.151	
1129.826	
1129.502	
1129.177	
1128.852	
1128.527	
1128.202	
1127.877	
1127.552	
1127.227	
1126.902	
1126.578	
1126.253	
1125.928	
1125.603	
1125.278	
1124.953	
1124.628	
1124.303	
1123.978	
1123.654	
1123.329	
1123.004	
1122.679	
1122.354	
1122.029	
1121.704	
1121.379	
1121.055	
1120.730	
1120.405	
1120.080	
1119.755	
1119.430	
1119.105	
1118.780	
1118.455	
1118.131	
1117.806	
1117.481	
1117.156	
1116.831	
1116.506	
1116.181	
1115.856	
1115.532	
1115.207	
1114.882	
1114.557	
1114.232	
1113.907	
1113.582	
1113.257	
1112.932	
1112.608	
1112.283	
1111.958	
1111.633	
1111.308	
1110.983	
1110.658	
1110.333	
1110.009	
1109.684	
1109.359	
1109.034	
1108.709	
1108.384	
1108.059	
1107.734	
1107.409	
1107.085	
1106.760	
1106.435	
1106.110	
1105.785	
1105.460	
1105.135	
1104.810	
1104.486	
1104.161	
1103.836	
1103.511	
1103.186	
1102.861	
1102.536	
1102.211	
1101.886	
1101.562	
1101.237	
1100.912	
1100.587	
1100.262	
1099.937	
1099.612	
1099.287	
1098.963	
1098.638	
1098.313	
1097.988	
1097.663	
1097.338	
1097.013	
1096.688	
1096.363	
1096.039	
1095.714	
1095.389	
1095.064	
1094.739	
1094.414	
1094.089	
1093.764	
1093.440	
1093.115	
1092.790	
1092.465	
1092.140	
1091.825	
1091.510	
1091.195	
1090.880	
1090.564	
1090.249	
1089.934	
1089.619	
1089.304	
1088.989	
1088.674	
1088.359	
1088.044	
1087.728	
1087.413	
1087.098	
1086.783	
1086.468	
1086.153	
1085.838	
1085.523	
1085.208	
1084.892	
1084.577	
1084.262	
1083.947	
1083.632	
1083.317	
1083.002	
1082.687	
1082.372	
1082.056	
1081.741	
1081.426	
1081.111	
1080.796	
1080.481	
1080.166	
1079.851	
1079.536	
1079.220	
1078.905	
1078.590	
1078.275	
1077.960	
1077.645	
1077.330	
1077.015	
1076.699	
1076.384	
1076.069	
1075.754	
1075.439	
1075.124	
1074.809	
1074.494	
1074.179	
1073.863	
1073.548	
1073.233	
1072.918	
1072.603	
1072.288	
1071.973	
1071.658	
1071.343	
1071.027	
1070.712	
1070.397	
1070.082	
1069.767	
1069.452	
1069.137	
1068.822	
1068.507	
1068.191	
1067.876	
1067.561	
1067.246	
1066.931	
1066.616	
1066.301	
1065.986	
1065.671	
1065.355	
1065.040	
1064.725	
1064.410	
1064.095	
1063.780	
1063.465	
1063.150	
1062.835	
1062.519	
1062.204	
1061.889	
1061.574	
1061.259	
1060.944	
1060.629	
1060.314	
1059.999	
1059.683	
1059.368	
1059.053	
1058.738	
1058.423	
1058.108	
1057.793	
1057.478	
1057.163	
1056.847	
1056.532	
1056.217	
1055.902	
1055.587	
1055.272	
1054.957	
1054.642	
1054.327	
1054.011	
1053.696	
1053.381	
1053.066	
1052.751	
1052.436	
1052.121	
1051.806	
1051.491	
1051.175	
1050.860	
1050.545	
1050.230	
1049.915	
1049.600	
1049.285	
1048.970	
1048.655	
1048.339	
1048.024	
1047.709	
1047.394	
1047.079	
1046.764	
1046.449	
1046.134	
1045.819	
1045.503	
1045.188	
1044.873	
1044.558	
1044.243	
1043.928	
1043.613	
1043.298	
1042.982	
1042.667	
1042.352	
1042.037	
1041.722	
1041.407	
1041.092	
1040.777	
1040.462	
1040.146	
1039.831	
1039.516	
1039.201	
1038.886	
1038.571	
1038.256	
1037.941	
1037.626	
1037.310	
1036.995	
1036.680	
1036.365	
1036.050	
1035.735	
1035.420	
1035.105	
1034.790	
1034.474	
1034.159	
1033.844	
1033.529	
1033.214	
1032.899	
1032.584	
1032.269	
1031.954	
1031.638	
1031.323	
1031.008	
1030.693	
1030.378	
1030.063	
1029.748	
1029.433	
1029.118	
1028.802	
1028.487	
1028.172	
1027.857	
1027.542	
1027.227	
1026.912	
1026.597	
1026.282	
1025.966	
1025.651	
1025.336	
1025.021	
1024.706	
1024.391	
1024.076	
1023.761	
1023.446	
1023.130	
1022.815	
1022.500	
1022.185	
1021.870	
1021.555	
1021.240	
1020.925	
1020.610	
1020.294	
1019.979	
1019.664	
1019.349	
1019.034	
1018.719	
1018.404	
1018.089	
1017.774	
1017.458	
1017.143	
1016.828	
1016.513	
1016.198	
1015.883	
1015.568	
1015.253	
1014.938	
1014.622	
1014.307	
1013.992	
1013.677	
1013.362	
1013.047	
1012.732	
1012.417	
1012.102	
1011.786	
1011.471	
1011.156	
1010.841	
1010.526	
1010.211	
1009.896	
1009.581	
1009.265	
1008.950	
1008.635	
1008.320	
1008.005	
1007.690	
1007.375	
1007.060	
1006.745	
1006.429	
1006.114	
1005.799	
1005.484	
1005.169	
1004.854	
1004.539	
1004.224	
1003.909	
1003.593	
1003.278	
1002.963	
1002.648	
1002.333	
1002.018	
1001.703	
1001.388	
1001.073	
1000.757	
1000.442	
1000.127	
999.812	
999.497	
999.182	
998.867	
998.552	
998.237	
997.921	
997.606	
997.291	
996.976	
996.661	
996.346	
996.031	
995.716	
995.401	
995.085	
994.770	
994.455	
994.140	
993.825	
993.510	
993.195	
992.880	
992.565	
992.249	
991.934	
991.619	
991.304	
990.989	
990.674	
990.359	
990.044	
989.729	
989.413	
989.098	
988.783	
988.468	
988.153	
987.838	
987.523	
987.208	
986.893	
986.577	
986.262	
985.947	
985.632	
985.317	
985.002	
984.687	
984.372	
984.057	
983.741	
983.426	
983.111	
982.796	
982.481	
982.166	
981.851	
981.536	
981.221	
980.905	
980.590	
980.275	
979.960	
979.645	
979.330	
979.015	
978.700	
978.384	
978.069	
977.754	
977.439	
977.124	
976.809	
976.494	
976.179	
975.864	
975.548	
975.233	
974.918	
974.603	
974.288	
973.973	
973.658	
973.343	
973.028	
972.712	
972.397	
972.082	
971.767	
971.452	
971.137	
970.822	
970.507	
970.192	
969.876	
969.561	
969.246	
968.931	
968.616	
968.301	
967.986	
967.671	
967.356	
967.040	
966.725	
966.410	
966.095	
965.780	
965.474	
965.169	
964.863	
964.558	
964.252	
963.946	
963.641	
963.335	
963.030	
962.724	
962.418	
962.113	
961.807	
961.502	
961.196	
960.890	
960.585	
960.279	
959.974	
959.668	
959.362	
959.057	
958.751	
958.446	
958.140	
957.834	
957.529	
957.223	
956.918	
956.612	
956.306	
956.001	
955.695	
955.390	
955.084	
954.778	
954.473	
954.167	
953.862	
953.556	
953.250	
952.945	
952.639	
952.334	
952.028	
951.722	
951.417	
951.111	
950.806	
950.500	
950.194	
949.889	
949.583	
949.278	
948.972	
948.666	
948.361	
948.055	
947.750	
947.444	
947.138	
946.833	
946.527	
946.222	
945.916	
945.610	
945.305	
944.999	
944.694	
944.388	
944.082	
943.777	
943.471	
943.166	
942.860	
942.554	
942.249	
941.943	
941.638	
941.332	
941.026	
940.721	
940.415	
940.110	
939.804	
939.498	
939.193	
938.887	
938.582	
938.276	
937.970	
937.665	
937.359	
937.054	
936.748	
936.442	
936.137	
935.831	
935.526	
935.220	
934.914	
934.609	
934.303	
933.998	
933.692	
933.386	
933.081	
932.775	
932.470	
932.164	
931.858	
931.553	
931.247	
930.942	
930.636	
930.330	
930.025	
929.719	
929.414	
929.108	
928.802	
928.497	
928.191	
927.886	
927.580	
927.274	
926.969	
926.663	
926.358	
926.052	
925.746	
925.441	
925.135	
924.830	
924.524	
924.218	
923.913	
923.607	
923.302	
922.996	
922.690	
922.385	
922.079	
921.774	
921.468	
921.162	
920.857	
920.551	
920.246	
919.940	
919.634	
919.329	
919.023	
918.718	
918.412	
918.106	
917.801	
917.495	
917.190	
916.884	
916.578	
916.273	
915.967	
915.662	
915.356	
915.050	
914.745	
914.439	
914.134	
913.828	
913.522	
913.217	
912.911	
912.606	
912.300	
911.997	
911.695	
911.392	
911.090	
910.787	
910.484	
910.182	
909.879	
909.576	
909.274	
908.971	
908.669	
908.366	
908.063	
907.761	
907.458	
907.156	
906.853	
906.550	
906.248	
905.945	
905.643	
905.340	
905.037	
904.735	
904.432	
904.129	
903.827	
903.524	
903.222	
902.919	
902.616	
902.314	
902.011	
901.709	
901.406	
901.103	
900.801	
900.498	
900.196	
899.893	
899.590	
899.288	
898.985	
898.682	
898.380	
898.077	
897.775	
897.472	
897.169	
896.867	
896.564	
896.262	
895.959	
895.656	
895.354	
895.051	
894.748	
894.446	
894.143	
893.841	
893.538	
893.235	
892.933	
892.630	
892.328	
892.025	
891.722	
891.420	
891.117	
890.814	
890.512	
890.209	
889.907	
889.604	
889.301	
888.999	
888.696	
888.394	
888.091	
887.788	
887.486	
887.183	
886.881	
886.578	
886.275	
885.973	
885.670	
885.367	
885.065	
884.762	
884.460	
884.157	
883.854	
883.552	
883.249	
882.947	
882.644	
882.341	
882.039	
881.736	
881.434	
881.131	
880.828	
880.526	
880.223	
879.920	
879.618	
879.315	
879.013	
878.710	
878.407	
878.105	
877.802	
877.500	
877.197	
876.894	
876.592	
876.289	
875.986	
875.684	
875.381	
875.079	
874.776	
874.473	
874.171	
873.868	
873.566	
873.263	
872.960	
872.658	
872.355	
872.053	
871.750	
871.447	
871.145	
870.842	
870.539	
870.237	
869.934	
869.632	
869.329	
869.026	
868.724	
868.421	
868.119	
867.816	
867.513	
867.211	
866.908	
866.606	
866.303	
866.000	
865.698	
865.395	
865.092	
864.790	
864.487	
864.185	
863.882	
863.579	
863.277	
862.974	
862.672	
862.369	
862.066	
861.764	
861.461	
861.158	
860.856	
860.553	
860.251	
859.948	
859.645	
859.343	
859.040	
858.738	
858.435	
858.132	
857.830	
857.527	
857.225	
856.922	
856.619	
856.317	
856.014	
855.711	
855.409	
855.106	
854.804	
854.501	
854.198	
853.896	
853.593	
853.291	
852.988	
852.685	
852.383	
852.080	
851.777	
851.475	
851.172	
850.870	
850.567	
850.264	
849.962	
849.659	
849.357	
849.054	
848.751	
848.449	
848.146	
847.844	
847.541	
847.238	
846.936	
846.633	
846.330	
846.028	
845.725	
845.423	
845.120	
844.817	
844.515	
844.212	
843.910	
843.607	
843.304	
843.002	
842.699	
842.396	
842.094	
841.791	
841.489	
841.186	
840.883	
840.581	
840.278	
839.976	
839.673	
839.370	
839.068	
838.765	
838.463	
838.160	
837.857	
837.555	
837.252	
836.949	
836.647	
836.344	
836.042	
835.739	
835.436	
835.134	
834.831	
834.529	
834.226	
833.923	
833.621	
833.318	
833.015	
832.713	
832.410	
832.108	
831.805	
831.502	
831.200	
830.897	
830.595	
830.292	
829.989	
829.687	
829.384	
829.082	
828.779	
828.476	
828.174	
827.871	
827.568	
827.266	
826.963	
826.661	
826.358	
826.055	
825.753	
825.450	
825.148	
824.845	
824.542	
824.240	
823.937	
823.635	
823.332	
823.029	
822.727	
822.424	
822.121	
821.819	
821.516	
821.214	
820.911	
820.608	
820.306	
820.003	
819.701	
819.398	
819.095	
818.793	
818.490	
818.187	
817.885	
817.582	
817.280	
816.977	
816.674	
816.372	
816.069	
815.767	
815.464	
815.161	
814.859	
814.556	
814.254	
813.951	
813.648	
813.346	
813.043	
812.740	
812.438	
812.135	
811.833	
811.530	
811.230	
810.930	
810.629	
810.329	
810.029	
809.729	
809.429	
809.129	
808.828	
808.528	
808.228	
807.928	
807.628	
807.327	
807.027	
806.727	
806.427	
806.127	
805.826	
805.526	
805.226	
804.926	
804.626	
804.326	
804.025	
803.725	
803.425	
803.125	
802.825	
802.524	
802.224	
801.924	
801.624	
801.324	
801.023	
800.723	
800.423	
800.123	
799.823	
799.523	
799.222	
798.922	
798.622	
798.322	
798.022	
797.721	
797.421	
797.121	
796.821	
796.521	
796.220	
795.920	
795.620	
795.320	
795.020	
794.720	
794.419	
794.119	
793.819	
793.519	
793.219	
792.918	
792.618	
792.318	
792.018	
791.718	
791.417	
791.117	
790.817	
790.517	
790.217	
789.917	
789.616	
789.316	
789.016	
788.716	
788.416	
788.115	
787.815	
787.515	
787.215	
786.915	
786.614	
786.314	
786.014	
785.714	
785.414	
785.114	
784.813	
784.513	
784.213	
783.913	
783.613	
783.312	
783.012	
782.712	
782.412	
782.112	
781.811	
781.511	
781.211	
780.911	
780.611	
780.311	
780.010	
779.710	
779.410	
779.110	
778.810	
778.509	
778.209	
777.909	
777.609	
777.309	
777.008	
776.708	
776.408	
776.108	
775.808	
775.508	
775.207	
774.907	
774.607	
774.307	
774.007	
773.706	
773.406	
773.106	
772.806	
772.506	
772.205	
771.905	
771.605	
771.305	
771.005	
770.705	
770.404	
770.104	
769.804	
769.504	
769.204	
768.903	
768.603	
768.303	
768.003	
767.703	
767.402	
767.102	
766.802	
766.502	
766.202	
765.902	
765.601	
765.301	
765.001	
764.701	
764.401	
764.100	
763.800	
763.500	
763.205	
762.910	
762.615	
762.320	
762.025	
761.730	
761.435	
761.140	
760.845	
760.550	
760.255	
759.960	
759.665	
759.370	
759.075	
758.780	
758.485	
758.190	
757.895	
757.600	
757.305	
757.010	
756.716	
756.421	
756.126	
755.831	
755.536	
755.241	
754.946	
754.651	
754.356	
754.061	
753.766	
753.471	
753.176	
752.881	
752.586	
752.291	
751.996	
751.701	
751.406	
751.111	
750.816	
750.521	
750.226	
749.931	
749.636	
749.341	
749.046	
748.751	
748.456	
748.161	
747.866	
747.571	
747.276	
746.981	
746.686	
746.391	
746.096	
745.801	
745.506	
745.211	
744.916	
744.621	
744.326	
744.031	
743.736	
743.442	
743.147	
742.852	
742.557	
742.262	
741.967	
741.672	
741.377	
741.082	
740.787	
740.492	
740.197	
739.902	
739.607	
739.312	
739.017	
738.722	
738.427	
738.132	
737.837	
737.542	
737.247	
736.952	
736.657	
736.362	
736.067	
735.772	
735.477	
735.182	
734.887	
734.592	
734.297	
734.002	
733.707	
733.412	
733.117	
732.822	
732.527	
732.232	
731.937	
731.642	
731.347	
731.052	
730.757	
730.462	
730.167	
729.873	
729.578	
729.283	
728.988	
728.693	
728.398	
728.103	
727.808	
727.513	
727.218	
726.923	
726.628	
726.333	
726.038	
725.743	
725.448	
725.153	
724.858	
724.563	
724.268	
723.973	
723.678	
723.383	
723.088	
722.793	
722.498	
722.203	
721.908	
721.613	
721.318	
721.023	
720.728	
720.433	
720.138	
719.843	
719.548	
719.253	
718.958	
718.663	
718.368	
718.073	
717.778	
717.483	
717.188	
716.893	
716.598	
716.304	
716.009	
715.714	
715.419	
715.124	
714.829	
714.534	
714.239	
713.944	
713.649	
713.354	
713.059	
712.764	
712.469	
712.174	
711.879	
711.584	
711.289	
710.994	
710.699	
710.404	
710.109	
709.814	
709.519	
709.224	
708.929	
708.634	
708.339	
708.044	
707.749	
707.454	
707.159	
706.864	
706.569	
706.274	
705.979	
705.684	
705.389	
705.094	
704.799	
704.504	
704.209	
703.914	
703.619	
703.324	
703.030	
702.735	
702.440	
702.145	
701.850	
701.555	
701.260	
700.965	
700.670	
700.375	
700.080	
699.785	
699.490	
699.195	
698.900	
698.605	
698.310	
698.015	
697.720	
697.425	
697.130	
696.835	
696.540	
696.252	
695.964	
695.676	
695.387	
695.099	
694.811	
694.523	
694.235	
693.947	
693.659	
693.370	
693.082	
692.794	
692.506	
692.218	
691.930	
691.642	
691.353	
691.065	
690.777	
690.489	
690.201	
689.913	
689.625	
689.336	
689.048	
688.760	
688.472	
688.184	
687.896	
687.608	
687.319	
687.031	
686.743	
686.455	
686.167	
685.879	
685.591	
685.302	
685.014	
684.726	
684.438	
684.150	
683.862	
683.573	
683.285	
682.997	
682.709	
682.421	
682.133	
681.845	
681.556	
681.268	
680.980	
680.692	
680.404	
680.116	
679.828	
679.539	
679.251	
678.963	
678.675	
678.387	
678.099	
677.811	
677.522	
677.234	
676.946	
676.658	
676.370	
676.082	
675.794	
675.505	
675.217	
674.929	
674.641	
674.353	
674.065	
673.777	
673.488	
673.200	
672.912	
672.624	
672.336	
672.048	
671.760	
671.471	
671.183	
670.895	
670.607	
670.319	
670.031	
669.743	
669.454	
669.166	
668.878	
668.590	
668.302	
668.014	
667.726	
667.437	
667.149	
666.861	
666.573	
666.285	
665.997	
665.709	
665.420	
665.132	
664.844	
664.556	
664.268	
663.980	
663.692	
663.403	
663.115	
662.827	
662.539	
662.251	
661.963	
661.675	
661.386	
661.098	
660.810	
660.522	
660.234	
659.946	
659.657	
659.369	
659.081	
658.793	
658.505	
658.217	
657.929	
657.640	
657.352	
657.064	
656.776	
656.488	
656.200	
655.912	
655.623	
655.335	
655.047	
654.759	
654.471	
654.183	
653.895	
653.606	
653.318	
653.030	
652.742	
652.454	
652.166	
651.878	
651.589	
651.301	
651.013	
650.725	
650.437	
650.149	
649.861	
649.572	
649.284	
648.996	
648.708	
648.420	
648.132	
647.844	
647.555	
647.267	
646.979	
646.691	
646.403	
646.115	
645.827	
645.538	
645.250	
644.962	
644.674	
644.386	
644.098	
643.810	
643.521	
643.233	
642.945	
642.657	
642.369	
642.081	
641.793	
641.504	
641.216	
640.928	
640.640	
640.352	
640.064	
639.776	
639.487	
639.199	
638.911	
638.623	
638.335	
638.047	
637.759	
637.470	
637.182	
636.894	
636.606	
636.318	
636.030	
635.741	
635.453	
635.165	
634.877	
634.589	
634.301	
634.013	
633.724	
633.436	
633.148	
632.860	
632.572	
632.284	
631.996	
631.707	
631.419	
631.131	
630.843	
630.555	
630.267	
629.979	
629.690	
629.402	
629.114	
628.826	
628.538	
628.250	
627.962	
627.673	
627.385	
627.097	
626.809	
626.521	
626.233	
625.945	
625.656	
625.368	
625.080	
624.792	
624.504	
624.216	
623.928	
623.639	
623.351	
623.063	
622.775	
622.487	
622.199	
621.911	
621.622	
621.334	
621.046	
620.758	
620.470	
620.182	
619.894	
619.605	
619.317	
619.029	
618.741	
618.453	
618.165	
617.877	
617.588	
617.300	
617.012	
616.724	
616.436	
616.148	
615.860	
615.571	
615.283	
614.995	
614.707	
614.419	
614.131	
613.843	
613.554	
613.266	
612.978	
612.690	
612.402	
612.114	
611.825	
611.537	
611.249	
610.961	
610.673	
610.385	
610.097	
609.808	
609.520	
609.232	
608.944	
608.656	
608.368	
608.080	
607.791	
607.503	
607.215	
606.927	
606.639	
606.351	
606.063	
605.774	
605.486	
605.198	
604.910	
604.622	
604.334	
604.046	
603.757	
603.469	
603.181	
602.893	
602.605	
602.317	
602.029	
601.740	
601.452	
601.164	
600.876	
600.588	
600.300	
600.012	
599.723	
599.435	
599.147	
598.859	
598.571	
598.283	
597.995	
597.706	
597.418	
597.130	
596.842	
596.554	
596.266	
595.978	
595.689	
595.401	
595.113	
594.825	
594.537	
594.249	
593.961	
593.672	
593.384	
593.096	
592.808	
592.520	
592.232	
591.944	
591.655	
591.367	
591.079	
590.791	
590.503	
590.215	
589.927	
589.638	
589.350	
589.062	
588.774	
588.486	
588.198	
587.909	
587.621	
587.333	
587.045	
586.757	
586.469	
586.181	
585.892	
585.604	
585.316	
585.028	
584.740	
584.452	
584.164	
583.875	
583.587	
583.299	
583.011	
582.723	
582.435	
582.147	
581.858	
581.570	
581.282	
580.994	
580.706	
580.418	
580.130	
579.841	
579.553	
579.265	
578.977	
578.689	
578.401	
578.113	
577.824	
577.536	
577.248	
576.960	
576.677	
576.393	
576.110	
575.826	
575.543	
575.260	
574.976	
574.693	
574.409	
574.126	
573.843	
573.559	
573.276	
572.992	
572.709	
572.426	
572.142	
571.859	
571.576	
571.292	
571.009	
570.725	
570.442	
570.159	
569.875	
569.592	
569.308	
569.025	
568.742	
568.458	
568.175	
567.891	
567.608	
567.325	
567.041	
566.758	
566.474	
566.191	
565.908	
565.624	
565.341	
565.057	
564.774	
564.491	
564.207	
563.924	
563.640	
563.357	
563.074	
562.790	
562.507	
562.223	
561.940	
561.657	
561.373	
561.090	
560.807	
560.523	
560.240	
559.956	
559.673	
559.390	
559.106	
558.823	
558.539	
558.256	
557.973	
557.689	
557.406	
557.122	
556.839	
556.556	
556.272	
555.989	
555.705	
555.422	
555.139	
554.855	
554.572	
554.288	
554.005	
553.722	
553.438	
553.155	
552.871	
552.588	
552.305	
552.021	
551.738	
551.455	
551.171	
550.888	
550.604	
550.321	
550.038	
549.754	
549.471	
549.187	
548.904	
548.621	
548.337	
548.054	
547.770	
547.487	
547.204	
546.920	
546.637	
546.353	
546.070	
545.794	
545.519	
545.243	
544.968	
544.692	
544.417	
544.141	
543.865	
543.590	
543.314	
543.039	
542.763	
542.488	
542.212	
541.936	
541.661	
541.385	
541.110	
540.834	
540.558	
540.283	
540.007	
539.732	
539.456	
539.181	
538.905	
538.629	
538.354	
538.078	
537.803	
537.527	
537.252	
536.976	
536.700	
536.425	
536.149	
535.874	
535.598	
535.323	
535.047	
534.771	
534.496	
534.220	
533.945	
533.669	
533.394	
533.118	
532.842	
532.567	
532.291	
532.016	
531.740	
531.465	
531.189	
530.913	
530.638	
530.362	
530.087	
529.811	
529.535	
529.260	
528.984	
528.709	
528.433	
528.158	
527.882	
527.606	
527.331	
527.055	
526.780	
526.504	
526.229	
525.953	
525.677	
525.402	
525.126	
524.851	
524.575	
524.300	
524.024	
523.748	
523.473	
523.197	
522.922	
522.646	
522.371	
522.095	
521.819	
521.544	
521.268	
520.993	
520.717	
520.442	
520.166	
519.890	
519.615	
519.339	
519.064	
518.788	
518.513	
518.237	
517.961	
517.686	
517.410	
517.135	
516.859	
516.583	
516.308	
516.032	
515.757	
515.481	
515.206	
514.930	
514.654	
514.379	
514.103	
513.828	
513.552	
513.277	
513.001	
512.725	
512.450	
512.174	
511.899	
511.623	
511.348	
511.072	
510.796	
510.521	
510.245	
509.970	
509.694	
509.419	
509.143	
508.867	
508.592	
508.316	
508.041	
507.765	
507.490	
507.214	
506.938	
506.663	
506.387	
506.112	
505.836	
505.560	
505.285	
505.009	
504.734	
504.458	
504.183	
503.907	
503.631	
503.356	
503.080	
502.805	
502.529	
502.254	
501.978	
501.702	
501.427	
501.151	
500.876	
500.600	
500.325	
500.049	
499.773	
499.498	
499.222	
498.947	
498.671	
498.396	
498.120	
497.844	
497.569	
497.293	
497.018	
496.742	
496.467	
496.191	
495.915	
495.640	
495.364	
495.089	
494.813	
494.537	
494.262	
493.986	
493.711	
493.435	
493.160	
492.884	
492.608	
492.333	
492.057	
491.782	
491.506	
491.231	
490.955	
490.679	
490.404	
490.128	
489.853	
489.577	
489.302	
489.026	
488.750	
488.475	
488.199	
487.924	
487.648	
487.373	
487.097	
486.821	
486.546	
486.270	
485.995	
485.719	
485.443	
485.168	
484.892	
484.617	
484.341	
484.066	
483.790	
483.514	
483.239	
482.963	
482.688	
482.412	
482.137	
481.861	
481.585	
481.310	
481.034	
480.759	
480.483	
480.208	
479.932	
479.656	
479.381	
479.105	
478.830	
478.554	
478.279	
478.003	
477.727	
477.452	
477.176	
476.901	
476.625	
476.350	
476.074	
475.798	
475.523	
475.247	
474.972	
474.696	
474.421	
474.145	
473.869	
473.594	
473.318	
473.043	
472.767	
472.491	
472.216	
471.940	
471.665	
471.389	
471.114	
470.838	
470.562	
470.287	
470.011	
469.736	
469.460	
469.185	
468.909	
468.633	
468.358	
468.082	
467.807	
467.531	
467.256	
466.980	
466.704	
466.429	
466.153	
465.878	
465.602	
465.327	
465.051	
464.775	
464.500	
464.224	
463.949	
463.673	
463.397	
463.122	
462.846	
462.571	
462.295	
462.020	
461.744	
461.468	
461.193	
460.917	
460.642	
460.366	
460.091	
459.815	
459.539	
459.264	
458.988	
458.713	
458.437	
458.162	
457.886	
457.610	
457.335	
457.059	
456.784	
456.508	
456.233	
455.957	
455.681	
455.406	
455.130	
454.855	
454.579	
454.304	
454.028	
453.752	
453.477	
453.201	
452.926	
452.650	
452.375	
452.099	
451.823	
451.548	
451.272	
450.997	
450.721	
450.445	
450.170	
449.894	
449.619	
449.343	
449.068	
448.792	
448.516	
448.241	
447.965	
447.690	
447.414	
447.139	
446.863	
446.587	
446.312	
446.036	
445.761	
445.485	
445.210	
444.934	
444.658	
444.383	
444.107	
443.832	
443.556	
443.281	
443.005	
442.729	
442.454	
442.178	
441.903	
441.627	
441.351	
441.076	
440.800	
440.525	
440.249	
439.974	
439.698	
439.422	
439.147	
438.871	
438.596	
438.320	
438.045	
437.769	
437.493	
437.218	
436.942	
436.667	
436.391	
436.116	
435.840	
435.569	
435.298	
435.027	
434.755	
434.484	
434.213	
433.942	
433.671	
433.400	
433.129	
432.858	
432.586	
432.315	
432.044	
431.773	
431.502	
431.231	
430.960	
430.689	
430.417	
430.146	
429.875	
429.604	
429.333	
429.062	
428.791	
428.519	
428.248	
427.977	
427.706	
427.435	
427.164	
426.893	
426.622	
426.350	
426.079	
425.808	
425.537	
425.266	
424.995	
424.724	
424.453	
424.181	
423.910	
423.639	
423.368	
423.097	
422.826	
422.555	
422.283	
422.012	
421.741	
421.470	
421.199	
420.928	
420.657	
420.386	
420.114	
419.843	
419.572	
419.301	
419.030	
418.759	
418.488	
418.217	
417.945	
417.674	
417.403	
417.132	
416.861	
416.590	
416.319	
416.047	
415.776	
415.505	
415.234	
414.963	
414.692	
414.421	
414.150	
413.878	
413.607	
413.336	
413.065	
412.794	
412.523	
412.252	
411.981	
411.709	
411.438	
411.167	
410.896	
410.625	
410.354	
410.083	
409.811	
409.540	
409.269	
408.998	
408.727	
408.456	
408.185	
407.914	
407.642	
407.371	
407.100	
406.829	
406.558	
406.287	
406.016	
405.745	
405.473	
405.202	
404.931	
404.660	
404.395	
404.131	
403.866	
403.601	
403.336	
403.072	
402.807	
402.542	
402.277	
402.013	
401.748	
401.483	
401.219	
400.954	
400.689	
400.424	
400.160	
399.895	
399.630	
399.365	
399.101	
398.836	
398.571	
398.306	
398.042	
397.777	
397.512	
397.248	
396.983	
396.718	
396.453	
396.189	
395.924	
395.659	
395.394	
395.130	
394.865	
394.600	
394.336	
394.071	
393.806	
393.541	
393.277	
393.012	
392.747	
392.482	
392.218	
391.953	
391.688	
391.424	
391.159	
390.894	
390.629	
390.365	
390.100	
389.835	
389.570	
389.306	
389.041	
388.776	
388.511	
388.247	
387.982	
387.717	
387.453	
387.188	
386.923	
386.658	
386.394	
386.129	
385.864	
385.599	
385.335	
385.070	
384.805	
384.541	
384.276	
384.011	
383.746	
383.482	
383.217	
382.952	
382.687	
382.423	
382.158	
381.893	
381.629	
381.364	
381.099	
380.834	
380.570	
380.305	
380.040	
379.775	
379.511	
379.246	
378.981	
378.716	
378.452	
378.187	
377.922	
377.658	
377.393	
377.128	
376.863	
376.599	
376.334	
376.069	
375.804	
375.540	
375.275	
375.010	
374.746	
374.481	
374.216	
373.951	
373.687	
373.422	
373.157	
372.892	
372.628	
372.363	
372.098	
371.834	
371.569	
371.304	
371.039	
370.775	
370.510	
370.245	
369.980	
369.716	
369.451	
369.186	
368.921	
368.657	
368.392	
368.127	
367.863	
367.598	
367.333	
367.068	
366.804	
366.539	
366.274	
366.009	
365.745	
365.480	
365.218	
364.957	
364.695	
364.434	
364.172	
363.911	
363.649	
363.388	
363.126	
362.865	
362.603	
362.341	
362.080	
361.818	
361.557	
361.295	
361.034	
360.772	
360.511	
360.249	
359.987	
359.726	
359.464	
359.203	
358.941	
358.680	
358.418	
358.157	
357.895	
357.634	
357.372	
357.110	
356.849	
356.587	
356.326	
356.064	
355.803	
355.541	
355.280	
355.018	
354.756	
354.495	
354.233	
353.972	
353.710	
353.449	
353.187	
352.926	
352.664	
352.402	
352.141	
351.879	
351.618	
351.356	
351.095	
350.833	
350.572	
350.310	
350.049	
349.787	
349.525	
349.264	
349.002	
348.741	
348.479	
348.218	
347.956	
347.695	
347.433	
347.171	
346.910	
346.648	
346.387	
346.125	
345.864	
345.602	
345.341	
345.079	
344.818	
344.556	
344.294	
344.033	
343.771	
343.510	
343.248	
342.987	
342.725	
342.464	
342.202	
341.940	
341.679	
341.417	
341.156	
340.894	
340.633	
340.371	
340.110	
339.848	
339.587	
339.325	
339.063	
338.802	
338.540	
338.279	
338.017	
337.756	
337.494	
337.233	
336.971	
336.709	
336.448	
336.186	
335.925	
335.663	
335.402	
335.140	
334.879	
334.617	
334.356	
334.094	
333.832	
333.571	
333.309	
333.048	
332.786	
332.525	
332.263	
332.002	
331.740	
331.479	
331.217	
330.955	
330.694	
330.432	
330.171	
329.909	
329.648	
329.386	
329.125	
328.863	
328.601	
328.340	
328.078	
327.817	
327.555	
327.294	
327.032	
326.771	
326.509	
326.248	
325.986	
325.724	
325.463	
325.201	
324.940	
324.678	
324.417	
324.155	
323.894	
323.632	
323.370	
323.109	
322.847	
322.586	
322.324	
322.063	
321.801	
321.540	
321.278	
321.017	
320.755	
320.493	
320.232	
319.970	
319.709	
319.447	
319.186	
318.924	
318.663	
318.401	
318.139	
317.878	
317.616	
317.355	
317.093	
316.832	
316.570	
316.309	
316.047	
315.786	
315.524	
315.262	
315.001	
314.739	
314.478	
314.216	
313.955	
313.693	
313.432	
313.170	
312.912	
312.655	
312.397	
312.139	
311.882	
311.624	
311.366	
311.109	
310.851	
310.593	
310.336	
310.078	
309.820	
309.563	
309.305	
309.047	
308.790	
308.532	
308.274	
308.017	
307.759	
307.501	
307.244	
306.986	
306.728	
306.471	
306.213	
305.955	
305.698	
305.440	
305.182	
304.925	
304.667	
304.409	
304.152	
303.894	
303.636	
303.379	
303.121	
302.864	
302.606	
302.348	
302.091	
301.833	
301.575	
301.318	
301.060	
300.802	
300.545	
300.287	
300.029	
299.772	
299.514	
299.256	
298.999	
298.741	
298.483	
298.226	
297.968	
297.710	
297.453	
297.195	
296.937	
296.680	
296.422	
296.164	
295.907	
295.649	
295.391	
295.134	
294.876	
294.618	
294.361	
294.103	
293.845	
293.588	
293.330	
293.072	
292.815	
292.557	
292.299	
292.042	
291.784	
291.526	
291.269	
291.011	
290.753	
290.496	
290.238	
289.980	
289.723	
289.465	
289.207	
288.950	
288.692	
288.434	
288.177	
287.919	
287.661	
287.404	
287.146	
286.888	
286.631	
286.373	
286.115	
285.858	
285.600	
285.342	
285.085	
284.827	
284.569	
284.312	
284.054	
283.796	
283.539	
283.281	
283.024	
282.766	
282.508	
282.251	
281.993	
281.735	
281.478	
281.220	
280.962	
280.705	
280.447	
280.189	
279.932	
279.674	
279.416	
279.159	
278.901	
278.643	
278.386	
278.128	
277.870	
277.613	
277.355	
277.097	
276.840	
276.582	
276.324	
276.067	
275.809	
275.551	
275.294	
275.036	
274.778	
274.521	
274.263	
274.005	
273.748	
273.490	
273.232	
272.975	
272.717	
272.459	
272.202	
271.944	
271.686	
271.429	
271.171	
270.913	
270.656	
270.398	
270.140	
269.883	
269.625	
269.367	
269.110	
268.852	
268.594	
268.337	
268.079	
267.821	
267.564	
267.306	
267.048	
266.791	
266.533	
266.275	
266.018	
265.760	
265.502	
265.245	
264.987	
264.729	
264.472	
264.214	
263.956	
263.699	
263.441	
263.184	
262.926	
262.668	
262.411	
262.153	
261.895	
261.638	
261.380	
261.122	
260.865	
260.607	
260.349	
260.092	
259.834	
259.576	
259.319	
259.061	
258.803	
258.546	
258.288	
258.030	
257.773	
257.515	
257.257	
257.000	
256.742	
256.484	
256.227	
255.969	
255.711	
255.454	
255.196	
254.938	
254.681	
254.423	
254.165	
253.908	
253.650	
253.395	
253.139	
252.884	
252.628	
252.373	
252.117	
251.862	
251.606	
251.351	
251.095	
250.840	
250.584	
250.329	
250.073	
249.818	
249.562	
249.307	
249.051	
248.796	
248.540	
248.285	
248.029	
247.774	
247.519	
247.263	
247.008	
246.752	
246.497	
246.241	
245.986	
245.730	
245.475	
245.219	
244.964	
244.708	
244.453	
244.197	
243.942	
243.686	
243.431	
243.175	
242.920	
242.664	
242.409	
242.153	
241.898	
241.643	
241.387	
241.132	
240.876	
240.621	
240.365	
240.110	
239.854	
239.599	
239.343	
239.088	
238.832	
238.577	
238.321	
238.066	
237.810	
237.555	
237.299	
237.044	
236.788	
236.533	
236.277	
236.022	
235.767	
235.511	
235.256	
235.000	
234.745	
234.489	
234.234	
233.978	
233.723	
233.467	
233.212	
232.956	
232.701	
232.445	
232.190	
231.934	
231.679	
231.423	
231.168	
230.912	
230.657	
230.401	
230.146	
229.891	
229.635	
229.380	
229.124	
228.869	
228.613	
228.358	
228.102	
227.847	
227.591	
227.336	
227.080	
226.825	
226.569	
226.314	
226.058	
225.803	
225.547	
225.292	
225.036	
224.781	
224.525	
224.270	
224.015	
223.759	
223.504	
223.248	
222.993	
222.737	
222.482	
222.226	
221.971	
221.715	
221.460	
221.204	
220.949	
220.693	
220.438	
220.182	
219.927	
219.671	
219.416	
219.160	
218.905	
218.649	
218.394	
218.139	
217.883	
217.628	
217.372	
217.117	
216.861	
216.606	
216.350	
216.095	
215.839	
215.584	
215.328	
215.073	
214.817	
214.562	
214.306	
214.051	
213.795	
213.540	
213.284	
213.029	
212.773	
212.518	
212.263	
212.007	
211.752	
211.496	
211.241	
210.985	
210.730	
210.474	
210.219	
209.963	
209.708	
209.452	
209.197	
208.941	
208.686	
208.430	
208.175	
207.919	
207.664	
207.408	
207.153	
206.897	
206.642	
206.387	
206.131	
205.876	
205.620	
205.365	
205.109	
204.854	
204.598	
204.343	
204.087	
203.832	
203.576	
203.321	
203.065	
202.810	
202.554	
202.299	
202.043	
201.788	
201.532	
201.277	
201.021	
200.766	
200.511	
200.255	
200.000	
199.744	
199.489	
199.233	
198.978	
198.722	
198.467	
198.211	
197.956	
197.700	
197.445	
197.189	
196.934	
196.678	
196.423	
196.167	
195.912	
195.656	
195.401	
195.145	
194.890	
194.635	
194.379	
194.124	
193.868	
193.613	
193.357	
193.102	
192.846	
192.591	
192.335	
192.080	
191.824	
191.569	
191.313	
191.058	
190.802	
190.547	
190.291	
190.036	
189.780	
189.525	
189.269	
189.014	
188.759	
188.503	
188.248	
187.992	
187.737	
187.481	
187.226	
186.970	
186.715	
186.459	
186.204	
185.948	
185.693	
185.437	
185.182	
184.926	
184.671	
184.415	
184.160	
183.904	
183.649	
183.393	
183.138	
182.883	
182.627	
182.372	
182.116	
181.861	
181.605	
181.350	
181.094	
180.839	
180.583	
180.328	
180.072	
179.817	
179.561	
179.306	
179.050	
178.795	
178.539	
178.284	
178.028	
177.773	
177.517	
177.262	
177.007	
176.751	
176.496	